kinematics:
  shoulder:
    x: 0
    y: 0
    z: 0.1518655328199371
    roll: -0
    pitch: 0
    yaw: 8.880194019481858e-05
  upper_arm:
    x: -6.565235042711186e-05
    y: 0
    z: 0
    roll: 1.570607398755056
    pitch: 0
    yaw: -8.483743097172158e-05
  forearm:
    x: -0.2437812343678647
    y: 0
    z: 0
    roll: 3.13711180415507
    pitch: -3.141426109313232
    yaw: 3.141570934718685
  wrist_1:
    x: -0.2132966854392038
    y: -5.158520126506644e-05
    z: 0.1122527165069856
    roll: 0.000459545205131593
    pitch: -0.0001157921834547611
    yaw: -7.867326768489615e-05
  wrist_2:
    x: -6.513937769272568e-06
    y: -0.0853575646784559
    z: -2.419293994927248e-05
    roll: 1.571079757319099
    pitch: 0
    yaw: 2.638364908836174e-05
  wrist_3:
    x: -0.0001112916664960177
    y: 0.08252254953581716
    z: -3.528100271515217e-05
    roll: 1.570368795159434
    pitch: 3.141592653589793
    yaw: -3.141587958963588
  hash: calib_9953612640466665123